   6.6660000e-01   6.6660000e-01   5.8136963e-01
   6.6660000e-01   1.3332000e+00  -1.4470850e-01
   6.6660000e-01   1.9998000e+00  -3.2401870e-01
   6.6660000e-01   2.6664000e+00   7.2094634e-01
   1.3332000e+00   6.6660000e-01  -1.4470850e-01
   1.3332000e+00   1.3332000e+00  -3.2401870e-01
   1.3332000e+00   1.9998000e+00   7.2094634e-01
   1.3332000e+00   2.6664000e+00  -9.5811890e-01
   1.9998000e+00   6.6660000e-01  -3.2401870e-01
   1.9998000e+00   1.3332000e+00   7.2094634e-01
   1.9998000e+00   1.9998000e+00  -9.5811890e-01
   1.9998000e+00   2.6664000e+00   9.8298112e-01
   2.6664000e+00   6.6660000e-01   7.2094634e-01
   2.6664000e+00   1.3332000e+00  -9.5811890e-01
   2.6664000e+00   1.9998000e+00   9.8298112e-01
   2.6664000e+00   2.6664000e+00  -7.9002376e-01
   2.6664000e+00   6.6660000e-01   7.2094634e-01
   2.6664000e+00   1.3332000e+00  -9.5811890e-01
   2.6664000e+00   1.9998000e+00   9.8298112e-01
   2.6664000e+00   2.6664000e+00  -7.9002376e-01
   3.3330000e+00   6.6660000e-01  -9.5811890e-01
   3.3330000e+00   1.3332000e+00   9.8298112e-01
   3.3330000e+00   1.9998000e+00  -7.9002376e-01
   3.3330000e+00   2.6664000e+00   4.2200440e-01
   3.9996000e+00   6.6660000e-01   9.8298112e-01
   3.9996000e+00   1.3332000e+00  -7.9002376e-01
   3.9996000e+00   1.9998000e+00   4.2200440e-01
   3.9996000e+00   2.6664000e+00   3.9527255e-02
   4.6662000e+00   6.6660000e-01  -7.9002376e-01
   4.6662000e+00   1.3332000e+00   4.2200440e-01
   4.6662000e+00   1.9998000e+00   3.9527255e-02
   4.6662000e+00   2.6664000e+00  -4.9230003e-01
