   6.6660000e-01   6.6660000e-01  -4.1596497e-01
   6.6660000e-01   1.3332000e+00  -4.1596497e-01
   6.6660000e-01   1.9998000e+00  -4.1596497e-01
   6.6660000e-01   2.6664000e+00  -4.1596497e-01
   1.3332000e+00   6.6660000e-01  -6.5394629e-01
   1.3332000e+00   1.3332000e+00  -6.5394629e-01
   1.3332000e+00   1.9998000e+00  -6.5394629e-01
   1.3332000e+00   2.6664000e+00  -6.5394629e-01
   1.9998000e+00   6.6660000e-01   9.6000246e-01
   1.9998000e+00   1.3332000e+00   9.6000246e-01
   1.9998000e+00   1.9998000e+00   9.6000246e-01
   1.9998000e+00   2.6664000e+00   9.6000246e-01
   2.6664000e+00   6.6660000e-01  -1.4470850e-01
   2.6664000e+00   1.3332000e+00  -1.4470850e-01
   2.6664000e+00   1.9998000e+00  -1.4470850e-01
   2.6664000e+00   2.6664000e+00  -1.4470850e-01
