   3.6660000e-01   6.6660000e-01   1
   6.6660000e-01   1.3332000e+00   1
   6.6660000e-01   1.9998000e+00   1
   3.6660000e-01   2.6664000e+00   1
   2.3332000e+00   6.6660000e-01   1
   1.8332000e+00   1.3332000e+00   1
   1.8332000e+00   1.9998000e+00   1
   2.3332000e+00   2.6664000e+00   1
   2.3332000e+00   6.6660000e-01   -1
   1.8332000e+00   1.3332000e+00  -1
   1.8332000e+00   1.9998000e+00  -1
   2.3332000e+00   2.6664000e+00   -1
   3.6660000e-01   6.6660000e-01  -1
   6.6660000e-01   1.3332000e+00   -1
   6.6660000e-01   1.9998000e+00  -1
   3.6660000e-01   2.6664000e+00  -1
